0062   0100
0062   0115
0062   0191
0062   0200
0062   0214
0062   0278
0062   0340
0062   0350
0062   0372
0062   0396
0062   0400
0062   0414
0062   0481
0062   0500
0062   0516
0062   0558
0062   0639
0062   0658
0062   0664
0062   0869
0062   0874
0062   0901
0062   2718
0062   2753
0062   2771
0062   2842
0062   2917
0062   3001
0062   3014
0062   3057
0062   3063
0062   3123
0062   3271
0062   3297
0062   3383
0062   3500
0062   4792
0062   4911
0062   4938
0062   5057
0062   5173
0062   5258
0062   5421
0062   5465
0062   5526
0062   5529
0062   5551
0062   5560
0062   6143
0062   6237
0062   6251
0100   0115
0100   0191
0100   0200
0100   0214
0100   0278
0100   0340
0100   0350
0100   0372
0100   0396
0100   0400
0100   0414
0100   0481
0100   0500
0100   0516
0100   0558
0100   0639
0100   0658
0100   0664
0100   0869
0100   0874
0100   0901
0100   2718
0100   2753
0100   2771
0100   2842
0100   2917
0100   3001
0100   3014
0100   3057
0100   3063
0100   3123
0100   3271
0100   3297
0100   3383
0100   3500
0100   4792
0100   4911
0100   4938
0100   5057
0100   5173
0100   5258
0100   5421
0100   5465
0100   5526
0100   5529
0100   5551
0100   5560
0100   6143
0100   6237
0100   6251
0115   0191
0115   0200
0115   0214
0115   0278
0115   0340
0115   0350
0115   0372
0115   0396
0115   0400
0115   0414
0115   0481
0115   0500
0115   0516
0115   0558
0115   0639
0115   0658
0115   0664
0115   0869
0115   0874
0115   0901
0115   2718
0115   2753
0115   2771
0115   2842
0115   2917
0115   3001
0115   3014
0115   3057
0115   3063
0115   3123
0115   3271
0115   3297
0115   3383
0115   3500
0115   4792
0115   4911
0115   4938
0115   5057
0115   5173
0115   5258
0115   5421
0115   5465
0115   5526
0115   5529
0115   5551
0115   5560
0115   6143
0115   6237
0115   6251
0191   0200
0191   0214
0191   0278
0191   0340
0191   0350
0191   0372
0191   0396
0191   0400
0191   0414
0191   0481
0191   0500
0191   0516
0191   0558
0191   0639
0191   0658
0191   0664
0191   0869
0191   0874
0191   0901
0191   2718
0191   2753
0191   2771
0191   2842
0191   2917
0191   3001
0191   3014
0191   3057
0191   3063
0191   3123
0191   3271
0191   3297
0191   3383
0191   3500
0191   4792
0191   4911
0191   4938
0191   5057
0191   5173
0191   5258
0191   5421
0191   5465
0191   5526
0191   5529
0191   5551
0191   5560
0191   6143
0191   6237
0191   6251
0200   0214
0200   0278
0200   0340
0200   0350
0200   0372
0200   0396
0200   0400
0200   0414
0200   0481
0200   0500
0200   0516
0200   0558
0200   0639
0200   0658
0200   0664
0200   0869
0200   0874
0200   0901
0200   2718
0200   2753
0200   2771
0200   2842
0200   2917
0200   3001
0200   3014
0200   3057
0200   3063
0200   3123
0200   3271
0200   3297
0200   3383
0200   3500
0200   4792
0200   4911
0200   4938
0200   5057
0200   5173
0200   5258
0200   5421
0200   5465
0200   5526
0200   5529
0200   5551
0200   5560
0200   6143
0200   6237
0200   6251
0214   0278
0214   0340
0214   0350
0214   0372
0214   0396
0214   0400
0214   0414
0214   0481
0214   0500
0214   0516
0214   0558
0214   0639
0214   0658
0214   0664
0214   0869
0214   0874
0214   0901
0214   2718
0214   2753
0214   2771
0214   2842
0214   2917
0214   3001
0214   3014
0214   3057
0214   3063
0214   3123
0214   3271
0214   3297
0214   3383
0214   3500
0214   4792
0214   4911
0214   4938
0214   5057
0214   5173
0214   5258
0214   5421
0214   5465
0214   5526
0214   5529
0214   5551
0214   5560
0214   6143
0214   6237
0214   6251
0278   0340
0278   0350
0278   0372
0278   0396
0278   0400
0278   0414
0278   0481
0278   0500
0278   0516
0278   0558
0278   0639
0278   0658
0278   0664
0278   0869
0278   0874
0278   0901
0278   2718
0278   2753
0278   2771
0278   2842
0278   2917
0278   3001
0278   3014
0278   3057
0278   3063
0278   3123
0278   3271
0278   3297
0278   3383
0278   3500
0278   4792
0278   4911
0278   4938
0278   5057
0278   5173
0278   5258
0278   5421
0278   5465
0278   5526
0278   5529
0278   5551
0278   5560
0278   6143
0278   6237
0278   6251
0340   0350
0340   0372
0340   0396
0340   0400
0340   0414
0340   0481
0340   0500
0340   0516
0340   0558
0340   0639
0340   0658
0340   0664
0340   0869
0340   0874
0340   0901
0340   2718
0340   2753
0340   2771
0340   2842
0340   2917
0340   3001
0340   3014
0340   3057
0340   3063
0340   3123
0340   3271
0340   3297
0340   3383
0340   3500
0340   4792
0340   4911
0340   4938
0340   5057
0340   5173
0340   5258
0340   5421
0340   5465
0340   5526
0340   5529
0340   5551
0340   5560
0340   6143
0340   6237
0340   6251
0350   0372
0350   0396
0350   0400
0350   0414
0350   0481
0350   0500
0350   0516
0350   0558
0350   0639
0350   0658
0350   0664
0350   0869
0350   0874
0350   0901
0350   2718
0350   2753
0350   2771
0350   2842
0350   2917
0350   3001
0350   3014
0350   3057
0350   3063
0350   3123
0350   3271
0350   3297
0350   3383
0350   3500
0350   4792
0350   4911
0350   4938
0350   5057
0350   5173
0350   5258
0350   5421
0350   5465
0350   5526
0350   5529
0350   5551
0350   5560
0350   6143
0350   6237
0350   6251
0372   0396
0372   0400
0372   0414
0372   0481
0372   0500
0372   0516
0372   0558
0372   0639
0372   0658
0372   0664
0372   0869
0372   0874
0372   0901
0372   2718
0372   2753
0372   2771
0372   2842
0372   2917
0372   3001
0372   3014
0372   3057
0372   3063
0372   3123
0372   3271
0372   3297
0372   3383
0372   3500
0372   4792
0372   4911
0372   4938
0372   5057
0372   5173
0372   5258
0372   5421
0372   5465
0372   5526
0372   5529
0372   5551
0372   5560
0372   6143
0372   6237
0372   6251
0396   0400
0396   0414
0396   0481
0396   0500
0396   0516
0396   0558
0396   0639
0396   0658
0396   0664
0396   0869
0396   0874
0396   0901
0396   2718
0396   2753
0396   2771
0396   2842
0396   2917
0396   3001
0396   3014
0396   3057
0396   3063
0396   3123
0396   3271
0396   3297
0396   3383
0396   3500
0396   4792
0396   4911
0396   4938
0396   5057
0396   5173
0396   5258
0396   5421
0396   5465
0396   5526
0396   5529
0396   5551
0396   5560
0396   6143
0396   6237
0396   6251
0400   0414
0400   0481
0400   0500
0400   0516
0400   0558
0400   0639
0400   0658
0400   0664
0400   0869
0400   0874
0400   0901
0400   2718
0400   2753
0400   2771
0400   2842
0400   2917
0400   3001
0400   3014
0400   3057
0400   3063
0400   3123
0400   3271
0400   3297
0400   3383
0400   3500
0400   4792
0400   4911
0400   4938
0400   5057
0400   5173
0400   5258
0400   5421
0400   5465
0400   5526
0400   5529
0400   5551
0400   5560
0400   6143
0400   6237
0400   6251
0414   0481
0414   0500
0414   0516
0414   0558
0414   0639
0414   0658
0414   0664
0414   0869
0414   0874
0414   0901
0414   2718
0414   2753
0414   2771
0414   2842
0414   2917
0414   3001
0414   3014
0414   3057
0414   3063
0414   3123
0414   3271
0414   3297
0414   3383
0414   3500
0414   4792
0414   4911
0414   4938
0414   5057
0414   5173
0414   5258
0414   5421
0414   5465
0414   5526
0414   5529
0414   5551
0414   5560
0414   6143
0414   6237
0414   6251
0481   0500
0481   0516
0481   0558
0481   0639
0481   0658
0481   0664
0481   0869
0481   0874
0481   0901
0481   2718
0481   2753
0481   2771
0481   2842
0481   2917
0481   3001
0481   3014
0481   3057
0481   3063
0481   3123
0481   3271
0481   3297
0481   3383
0481   3500
0481   4792
0481   4911
0481   4938
0481   5057
0481   5173
0481   5258
0481   5421
0481   5465
0481   5526
0481   5529
0481   5551
0481   5560
0481   6143
0481   6237
0481   6251
0500   0516
0500   0558
0500   0639
0500   0658
0500   0664
0500   0869
0500   0874
0500   0901
0500   2718
0500   2753
0500   2771
0500   2842
0500   2917
0500   3001
0500   3014
0500   3057
0500   3063
0500   3123
0500   3271
0500   3297
0500   3383
0500   3500
0500   4792
0500   4911
0500   4938
0500   5057
0500   5173
0500   5258
0500   5421
0500   5465
0500   5526
0500   5529
0500   5551
0500   5560
0500   6143
0500   6237
0500   6251
0516   0558
0516   0639
0516   0658
0516   0664
0516   0869
0516   0874
0516   0901
0516   2718
0516   2753
0516   2771
0516   2842
0516   2917
0516   3001
0516   3014
0516   3057
0516   3063
0516   3123
0516   3271
0516   3297
0516   3383
0516   3500
0516   4792
0516   4911
0516   4938
0516   5057
0516   5173
0516   5258
0516   5421
0516   5465
0516   5526
0516   5529
0516   5551
0516   5560
0516   6143
0516   6237
0516   6251
0558   0639
0558   0658
0558   0664
0558   0869
0558   0874
0558   0901
0558   2718
0558   2753
0558   2771
0558   2842
0558   2917
0558   3001
0558   3014
0558   3057
0558   3063
0558   3123
0558   3271
0558   3297
0558   3383
0558   3500
0558   4792
0558   4911
0558   4938
0558   5057
0558   5173
0558   5258
0558   5421
0558   5465
0558   5526
0558   5529
0558   5551
0558   5560
0558   6143
0558   6237
0558   6251
0639   0658
0639   0664
0639   0869
0639   0874
0639   0901
0639   2718
0639   2753
0639   2771
0639   2842
0639   2917
0639   3001
0639   3014
0639   3057
0639   3063
0639   3123
0639   3271
0639   3297
0639   3383
0639   3500
0639   4792
0639   4911
0639   4938
0639   5057
0639   5173
0639   5258
0639   5421
0639   5465
0639   5526
0639   5529
0639   5551
0639   5560
0639   6143
0639   6237
0639   6251
0658   0664
0658   0869
0658   0874
0658   0901
0658   2718
0658   2753
0658   2771
0658   2842
0658   2917
0658   3001
0658   3014
0658   3057
0658   3063
0658   3123
0658   3271
0658   3297
0658   3383
0658   3500
0658   4792
0658   4911
0658   4938
0658   5057
0658   5173
0658   5258
0658   5421
0658   5465
0658   5526
0658   5529
0658   5551
0658   5560
0658   6143
0658   6237
0658   6251
0664   0869
0664   0874
0664   0901
0664   2718
0664   2753
0664   2771
0664   2842
0664   2917
0664   3001
0664   3014
0664   3057
0664   3063
0664   3123
0664   3271
0664   3297
0664   3383
0664   3500
0664   4792
0664   4911
0664   4938
0664   5057
0664   5173
0664   5258
0664   5421
0664   5465
0664   5526
0664   5529
0664   5551
0664   5560
0664   6143
0664   6237
0664   6251
0869   0874
0869   0901
0869   2718
0869   2753
0869   2771
0869   2842
0869   2917
0869   3001
0869   3014
0869   3057
0869   3063
0869   3123
0869   3271
0869   3297
0869   3383
0869   3500
0869   4792
0869   4911
0869   4938
0869   5057
0869   5173
0869   5258
0869   5421
0869   5465
0869   5526
0869   5529
0869   5551
0869   5560
0869   6143
0869   6237
0869   6251
0874   0901
0874   2718
0874   2753
0874   2771
0874   2842
0874   2917
0874   3001
0874   3014
0874   3057
0874   3063
0874   3123
0874   3271
0874   3297
0874   3383
0874   3500
0874   4792
0874   4911
0874   4938
0874   5057
0874   5173
0874   5258
0874   5421
0874   5465
0874   5526
0874   5529
0874   5551
0874   5560
0874   6143
0874   6237
0874   6251
0901   2718
0901   2753
0901   2771
0901   2842
0901   2917
0901   3001
0901   3014
0901   3057
0901   3063
0901   3123
0901   3271
0901   3297
0901   3383
0901   3500
0901   4792
0901   4911
0901   4938
0901   5057
0901   5173
0901   5258
0901   5421
0901   5465
0901   5526
0901   5529
0901   5551
0901   5560
0901   6143
0901   6237
0901   6251
2718   2753
2718   2771
2718   2842
2718   2917
2718   3001
2718   3014
2718   3057
2718   3063
2718   3123
2718   3271
2718   3297
2718   3383
2718   3500
2718   4792
2718   4911
2718   4938
2718   5057
2718   5173
2718   5258
2718   5421
2718   5465
2718   5526
2718   5529
2718   5551
2718   5560
2718   6143
2718   6237
2718   6251
2753   2771
2753   2842
2753   2917
2753   3001
2753   3014
2753   3057
2753   3063
2753   3123
2753   3271
2753   3297
2753   3383
2753   3500
2753   4792
2753   4911
2753   4938
2753   5057
2753   5173
2753   5258
2753   5421
2753   5465
2753   5526
2753   5529
2753   5551
2753   5560
2753   6143
2753   6237
2753   6251
2771   2842
2771   2917
2771   3001
2771   3014
2771   3057
2771   3063
2771   3123
2771   3271
2771   3297
2771   3383
2771   3500
2771   4792
2771   4911
2771   4938
2771   5057
2771   5173
2771   5258
2771   5421
2771   5465
2771   5526
2771   5529
2771   5551
2771   5560
2771   6143
2771   6237
2771   6251
2842   2917
2842   3001
2842   3014
2842   3057
2842   3063
2842   3123
2842   3271
2842   3297
2842   3383
2842   3500
2842   4792
2842   4911
2842   4938
2842   5057
2842   5173
2842   5258
2842   5421
2842   5465
2842   5526
2842   5529
2842   5551
2842   5560
2842   6143
2842   6237
2842   6251
2917   3001
2917   3014
2917   3057
2917   3063
2917   3123
2917   3271
2917   3297
2917   3383
2917   3500
2917   4792
2917   4911
2917   4938
2917   5057
2917   5173
2917   5258
2917   5421
2917   5465
2917   5526
2917   5529
2917   5551
2917   5560
2917   6143
2917   6237
2917   6251
3001   3014
3001   3057
3001   3063
3001   3123
3001   3271
3001   3297
3001   3383
3001   3500
3001   4792
3001   4911
3001   4938
3001   5057
3001   5173
3001   5258
3001   5421
3001   5465
3001   5526
3001   5529
3001   5551
3001   5560
3001   6143
3001   6237
3001   6251
3014   3057
3014   3063
3014   3123
3014   3271
3014   3297
3014   3383
3014   3500
3014   4792
3014   4911
3014   4938
3014   5057
3014   5173
3014   5258
3014   5421
3014   5465
3014   5526
3014   5529
3014   5551
3014   5560
3014   6143
3014   6237
3014   6251
3057   3063
3057   3123
3057   3271
3057   3297
3057   3383
3057   3500
3057   4792
3057   4911
3057   4938
3057   5057
3057   5173
3057   5258
3057   5421
3057   5465
3057   5526
3057   5529
3057   5551
3057   5560
3057   6143
3057   6237
3057   6251
3063   3123
3063   3271
3063   3297
3063   3383
3063   3500
3063   4792
3063   4911
3063   4938
3063   5057
3063   5173
3063   5258
3063   5421
3063   5465
3063   5526
3063   5529
3063   5551
3063   5560
3063   6143
3063   6237
3063   6251
3123   3271
3123   3297
3123   3383
3123   3500
3123   4792
3123   4911
3123   4938
3123   5057
3123   5173
3123   5258
3123   5421
3123   5465
3123   5526
3123   5529
3123   5551
3123   5560
3123   6143
3123   6237
3123   6251
3271   3297
3271   3383
3271   3500
3271   4792
3271   4911
3271   4938
3271   5057
3271   5173
3271   5258
3271   5421
3271   5465
3271   5526
3271   5529
3271   5551
3271   5560
3271   6143
3271   6237
3271   6251
3297   3383
3297   3500
3297   4792
3297   4911
3297   4938
3297   5057
3297   5173
3297   5258
3297   5421
3297   5465
3297   5526
3297   5529
3297   5551
3297   5560
3297   6143
3297   6237
3297   6251
3383   3500
3383   4792
3383   4911
3383   4938
3383   5057
3383   5173
3383   5258
3383   5421
3383   5465
3383   5526
3383   5529
3383   5551
3383   5560
3383   6143
3383   6237
3383   6251
3500   4792
3500   4911
3500   4938
3500   5057
3500   5173
3500   5258
3500   5421
3500   5465
3500   5526
3500   5529
3500   5551
3500   5560
3500   6143
3500   6237
3500   6251
4792   4911
4792   4938
4792   5057
4792   5173
4792   5258
4792   5421
4792   5465
4792   5526
4792   5529
4792   5551
4792   5560
4792   6143
4792   6237
4792   6251
4911   4938
4911   5057
4911   5173
4911   5258
4911   5421
4911   5465
4911   5526
4911   5529
4911   5551
4911   5560
4911   6143
4911   6237
4911   6251
4938   5057
4938   5173
4938   5258
4938   5421
4938   5465
4938   5526
4938   5529
4938   5551
4938   5560
4938   6143
4938   6237
4938   6251
5057   5173
5057   5258
5057   5421
5057   5465
5057   5526
5057   5529
5057   5551
5057   5560
5057   6143
5057   6237
5057   6251
5173   5258
5173   5421
5173   5465
5173   5526
5173   5529
5173   5551
5173   5560
5173   6143
5173   6237
5173   6251
5258   5421
5258   5465
5258   5526
5258   5529
5258   5551
5258   5560
5258   6143
5258   6237
5258   6251
5421   5465
5421   5526
5421   5529
5421   5551
5421   5560
5421   6143
5421   6237
5421   6251
5465   5526
5465   5529
5465   5551
5465   5560
5465   6143
5465   6237
5465   6251
5526   5529
5526   5551
5526   5560
5526   6143
5526   6237
5526   6251
5529   5551
5529   5560
5529   6143
5529   6237
5529   6251
5551   5560
5551   6143
5551   6237
5551   6251
5560   6143
5560   6237
5560   6251
6143   6237
6143   6251
6237   6251
0079   0127
0079   0188
0079   0265
0079   0294
0079   0352
0079   0354
0079   0436
0079   0494
0079   0906
0079   2754
0079   3396
0079   5052
0079   5392
0079   5577
0127   0188
0127   0265
0127   0294
0127   0352
0127   0354
0127   0436
0127   0494
0127   0906
0127   2754
0127   3396
0127   5052
0127   5392
0127   5577
0188   0265
0188   0294
0188   0352
0188   0354
0188   0436
0188   0494
0188   0906
0188   2754
0188   3396
0188   5052
0188   5392
0188   5577
0265   0294
0265   0352
0265   0354
0265   0436
0265   0494
0265   0906
0265   2754
0265   3396
0265   5052
0265   5392
0265   5577
0294   0352
0294   0354
0294   0436
0294   0494
0294   0906
0294   2754
0294   3396
0294   5052
0294   5392
0294   5577
0352   0354
0352   0436
0352   0494
0352   0906
0352   2754
0352   3396
0352   5052
0352   5392
0352   5577
0354   0436
0354   0494
0354   0906
0354   2754
0354   3396
0354   5052
0354   5392
0354   5577
0436   0494
0436   0906
0436   2754
0436   3396
0436   5052
0436   5392
0436   5577
0494   0906
0494   2754
0494   3396
0494   5052
0494   5392
0494   5577
0906   2754
0906   3396
0906   5052
0906   5392
0906   5577
2754   3396
2754   5052
2754   5392
2754   5577
3396   5052
3396   5392
3396   5577
5052   5392
5052   5577
5392   5577
0149   0582
0149   4024
0149   4621
0149   4707
0149   4715
0149   4717
0149   4769
0149   5102
0149   5115
0149   5135
0149   5295
0149   5299
0149   5335
0149   5390
0149   5427
0149   5547
0149   5655
0582   4024
0582   4621
0582   4707
0582   4715
0582   4717
0582   4769
0582   5102
0582   5115
0582   5135
0582   5295
0582   5299
0582   5335
0582   5390
0582   5427
0582   5547
0582   5655
4024   4621
4024   4707
4024   4715
4024   4717
4024   4769
4024   5102
4024   5115
4024   5135
4024   5295
4024   5299
4024   5335
4024   5390
4024   5427
4024   5547
4024   5655
4621   4707
4621   4715
4621   4717
4621   4769
4621   5102
4621   5115
4621   5135
4621   5295
4621   5299
4621   5335
4621   5390
4621   5427
4621   5547
4621   5655
4707   4715
4707   4717
4707   4769
4707   5102
4707   5115
4707   5135
4707   5295
4707   5299
4707   5335
4707   5390
4707   5427
4707   5547
4707   5655
4715   4717
4715   4769
4715   5102
4715   5115
4715   5135
4715   5295
4715   5299
4715   5335
4715   5390
4715   5427
4715   5547
4715   5655
4717   4769
4717   5102
4717   5115
4717   5135
4717   5295
4717   5299
4717   5335
4717   5390
4717   5427
4717   5547
4717   5655
4769   5102
4769   5115
4769   5135
4769   5295
4769   5299
4769   5335
4769   5390
4769   5427
4769   5547
4769   5655
5102   5115
5102   5135
5102   5295
5102   5299
5102   5335
5102   5390
5102   5427
5102   5547
5102   5655
5115   5135
5115   5295
5115   5299
5115   5335
5115   5390
5115   5427
5115   5547
5115   5655
5135   5295
5135   5299
5135   5335
5135   5390
5135   5427
5135   5547
5135   5655
5295   5299
5295   5335
5295   5390
5295   5427
5295   5547
5295   5655
5299   5335
5299   5390
5299   5427
5299   5547
5299   5655
5335   5390
5335   5427
5335   5547
5335   5655
5390   5427
5390   5547
5390   5655
5427   5547
5427   5655
5547   5655
0157   0164
0157   0401
0157   0420
0157   0446
0157   3046
0157   3058
0157   3706
0157   4888
0157   5651
0164   0401
0164   0420
0164   0446
0164   3046
0164   3058
0164   3706
0164   4888
0164   5651
0401   0420
0401   0446
0401   3046
0401   3058
0401   3706
0401   4888
0401   5651
0420   0446
0420   3046
0420   3058
0420   3706
0420   4888
0420   5651
0446   3046
0446   3058
0446   3706
0446   4888
0446   5651
3046   3058
3046   3706
3046   4888
3046   5651
3058   3706
3058   4888
3058   5651
3706   4888
3706   5651
4888   5651
0174   0269
0174   0289
0174   0424
0174   0495
0174   0502
0174   0613
0174   0617
0174   0893
0174   2643
0174   2963
0174   5162
0269   0289
0269   0424
0269   0495
0269   0502
0269   0613
0269   0617
0269   0893
0269   2643
0269   2963
0269   5162
0289   0424
0289   0495
0289   0502
0289   0613
0289   0617
0289   0893
0289   2643
0289   2963
0289   5162
0424   0495
0424   0502
0424   0613
0424   0617
0424   0893
0424   2643
0424   2963
0424   5162
0495   0502
0495   0613
0495   0617
0495   0893
0495   2643
0495   2963
0495   5162
0502   0613
0502   0617
0502   0893
0502   2643
0502   2963
0502   5162
0613   0617
0613   0893
0613   2643
0613   2963
0613   5162
0617   0893
0617   2643
0617   2963
0617   5162
0893   2643
0893   2963
0893   5162
2643   2963
2643   5162
2963   5162
0179   0220
0179   0489
0179   0540
0179   2556
0179   2724
0179   4667
0179   4859
0179   5041
0179   5408
0179   5633
0220   0489
0220   0540
0220   2556
0220   2724
0220   4667
0220   4859
0220   5041
0220   5408
0220   5633
0489   0540
0489   2556
0489   2724
0489   4667
0489   4859
0489   5041
0489   5408
0489   5633
0540   2556
0540   2724
0540   4667
0540   4859
0540   5041
0540   5408
0540   5633
2556   2724
2556   4667
2556   4859
2556   5041
2556   5408
2556   5633
2724   4667
2724   4859
2724   5041
2724   5408
2724   5633
4667   4859
4667   5041
4667   5408
4667   5633
4859   5041
4859   5408
4859   5633
5041   5408
5041   5633
5408   5633
0206   0238
0206   0303
0206   0316
0206   0608
0206   2827
0206   2833
0206   2850
0206   2857
0206   2904
0206   2912
0206   2957
0206   2993
0206   3062
0206   3067
0206   3211
0206   3218
0206   3277
0206   3292
0206   3395
0206   3476
0206   3502
0206   3567
0206   3702
0206   3752
0206   4622
0206   4732
0206   4733
0206   4865
0206   4893
0206   4931
0206   4942
0206   4974
0206   5065
0206   5100
0206   5145
0206   5208
0206   5222
0206   5223
0206   5225
0206   5232
0206   5235
0206   5236
0206   5298
0206   5323
0206   5348
0206   5440
0206   5450
0206   5531
0206   5572
0206   5616
0206   5634
0206   6223
0238   0303
0238   0316
0238   0608
0238   2827
0238   2833
0238   2850
0238   2857
0238   2904
0238   2912
0238   2957
0238   2993
0238   3062
0238   3067
0238   3211
0238   3218
0238   3277
0238   3292
0238   3395
0238   3476
0238   3502
0238   3567
0238   3702
0238   3752
0238   4622
0238   4732
0238   4733
0238   4865
0238   4893
0238   4931
0238   4942
0238   4974
0238   5065
0238   5100
0238   5145
0238   5208
0238   5222
0238   5223
0238   5225
0238   5232
0238   5235
0238   5236
0238   5298
0238   5323
0238   5348
0238   5440
0238   5450
0238   5531
0238   5572
0238   5616
0238   5634
0238   6223
0303   0316
0303   0608
0303   2827
0303   2833
0303   2850
0303   2857
0303   2904
0303   2912
0303   2957
0303   2993
0303   3062
0303   3067
0303   3211
0303   3218
0303   3277
0303   3292
0303   3395
0303   3476
0303   3502
0303   3567
0303   3702
0303   3752
0303   4622
0303   4732
0303   4733
0303   4865
0303   4893
0303   4931
0303   4942
0303   4974
0303   5065
0303   5100
0303   5145
0303   5208
0303   5222
0303   5223
0303   5225
0303   5232
0303   5235
0303   5236
0303   5298
0303   5323
0303   5348
0303   5440
0303   5450
0303   5531
0303   5572
0303   5616
0303   5634
0303   6223
0316   0608
0316   2827
0316   2833
0316   2850
0316   2857
0316   2904
0316   2912
0316   2957
0316   2993
0316   3062
0316   3067
0316   3211
0316   3218
0316   3277
0316   3292
0316   3395
0316   3476
0316   3502
0316   3567
0316   3702
0316   3752
0316   4622
0316   4732
0316   4733
0316   4865
0316   4893
0316   4931
0316   4942
0316   4974
0316   5065
0316   5100
0316   5145
0316   5208
0316   5222
0316   5223
0316   5225
0316   5232
0316   5235
0316   5236
0316   5298
0316   5323
0316   5348
0316   5440
0316   5450
0316   5531
0316   5572
0316   5616
0316   5634
0316   6223
0608   2827
0608   2833
0608   2850
0608   2857
0608   2904
0608   2912
0608   2957
0608   2993
0608   3062
0608   3067
0608   3211
0608   3218
0608   3277
0608   3292
0608   3395
0608   3476
0608   3502
0608   3567
0608   3702
0608   3752
0608   4622
0608   4732
0608   4733
0608   4865
0608   4893
0608   4931
0608   4942
0608   4974
0608   5065
0608   5100
0608   5145
0608   5208
0608   5222
0608   5223
0608   5225
0608   5232
0608   5235
0608   5236
0608   5298
0608   5323
0608   5348
0608   5440
0608   5450
0608   5531
0608   5572
0608   5616
0608   5634
0608   6223
2827   2833
2827   2850
2827   2857
2827   2904
2827   2912
2827   2957
2827   2993
2827   3062
2827   3067
2827   3211
2827   3218
2827   3277
2827   3292
2827   3395
2827   3476
2827   3502
2827   3567
2827   3702
2827   3752
2827   4622
2827   4732
2827   4733
2827   4865
2827   4893
2827   4931
2827   4942
2827   4974
2827   5065
2827   5100
2827   5145
2827   5208
2827   5222
2827   5223
2827   5225
2827   5232
2827   5235
2827   5236
2827   5298
2827   5323
2827   5348
2827   5440
2827   5450
2827   5531
2827   5572
2827   5616
2827   5634
2827   6223
2833   2850
2833   2857
2833   2904
2833   2912
2833   2957
2833   2993
2833   3062
2833   3067
2833   3211
2833   3218
2833   3277
2833   3292
2833   3395
2833   3476
2833   3502
2833   3567
2833   3702
2833   3752
2833   4622
2833   4732
2833   4733
2833   4865
2833   4893
2833   4931
2833   4942
2833   4974
2833   5065
2833   5100
2833   5145
2833   5208
2833   5222
2833   5223
2833   5225
2833   5232
2833   5235
2833   5236
2833   5298
2833   5323
2833   5348
2833   5440
2833   5450
2833   5531
2833   5572
2833   5616
2833   5634
2833   6223
2850   2857
2850   2904
2850   2912
2850   2957
2850   2993
2850   3062
2850   3067
2850   3211
2850   3218
2850   3277
2850   3292
2850   3395
2850   3476
2850   3502
2850   3567
2850   3702
2850   3752
2850   4622
2850   4732
2850   4733
2850   4865
2850   4893
2850   4931
2850   4942
2850   4974
2850   5065
2850   5100
2850   5145
2850   5208
2850   5222
2850   5223
2850   5225
2850   5232
2850   5235
2850   5236
2850   5298
2850   5323
2850   5348
2850   5440
2850   5450
2850   5531
2850   5572
2850   5616
2850   5634
2850   6223
2857   2904
2857   2912
2857   2957
2857   2993
2857   3062
2857   3067
2857   3211
2857   3218
2857   3277
2857   3292
2857   3395
2857   3476
2857   3502
2857   3567
2857   3702
2857   3752
2857   4622
2857   4732
2857   4733
2857   4865
2857   4893
2857   4931
2857   4942
2857   4974
2857   5065
2857   5100
2857   5145
2857   5208
2857   5222
2857   5223
2857   5225
2857   5232
2857   5235
2857   5236
2857   5298
2857   5323
2857   5348
2857   5440
2857   5450
2857   5531
2857   5572
2857   5616
2857   5634
2857   6223
2904   2912
2904   2957
2904   2993
2904   3062
2904   3067
2904   3211
2904   3218
2904   3277
2904   3292
2904   3395
2904   3476
2904   3502
2904   3567
2904   3702
2904   3752
2904   4622
2904   4732
2904   4733
2904   4865
2904   4893
2904   4931
2904   4942
2904   4974
2904   5065
2904   5100
2904   5145
2904   5208
2904   5222
2904   5223
2904   5225
2904   5232
2904   5235
2904   5236
2904   5298
2904   5323
2904   5348
2904   5440
2904   5450
2904   5531
2904   5572
2904   5616
2904   5634
2904   6223
2912   2957
2912   2993
2912   3062
2912   3067
2912   3211
2912   3218
2912   3277
2912   3292
2912   3395
2912   3476
2912   3502
2912   3567
2912   3702
2912   3752
2912   4622
2912   4732
2912   4733
2912   4865
2912   4893
2912   4931
2912   4942
2912   4974
2912   5065
2912   5100
2912   5145
2912   5208
2912   5222
2912   5223
2912   5225
2912   5232
2912   5235
2912   5236
2912   5298
2912   5323
2912   5348
2912   5440
2912   5450
2912   5531
2912   5572
2912   5616
2912   5634
2912   6223
2957   2993
2957   3062
2957   3067
2957   3211
2957   3218
2957   3277
2957   3292
2957   3395
2957   3476
2957   3502
2957   3567
2957   3702
2957   3752
2957   4622
2957   4732
2957   4733
2957   4865
2957   4893
2957   4931
2957   4942
2957   4974
2957   5065
2957   5100
2957   5145
2957   5208
2957   5222
2957   5223
2957   5225
2957   5232
2957   5235
2957   5236
2957   5298
2957   5323
2957   5348
2957   5440
2957   5450
2957   5531
2957   5572
2957   5616
2957   5634
2957   6223
2993   3062
2993   3067
2993   3211
2993   3218
2993   3277
2993   3292
2993   3395
2993   3476
2993   3502
2993   3567
2993   3702
2993   3752
2993   4622
2993   4732
2993   4733
2993   4865
2993   4893
2993   4931
2993   4942
2993   4974
2993   5065
2993   5100
2993   5145
2993   5208
2993   5222
2993   5223
2993   5225
2993   5232
2993   5235
2993   5236
2993   5298
2993   5323
2993   5348
2993   5440
2993   5450
2993   5531
2993   5572
2993   5616
2993   5634
2993   6223
3062   3067
3062   3211
3062   3218
3062   3277
3062   3292
3062   3395
3062   3476
3062   3502
3062   3567
3062   3702
3062   3752
3062   4622
3062   4732
3062   4733
3062   4865
3062   4893
3062   4931
3062   4942
3062   4974
3062   5065
3062   5100
3062   5145
3062   5208
3062   5222
3062   5223
3062   5225
3062   5232
3062   5235
3062   5236
3062   5298
3062   5323
3062   5348
3062   5440
3062   5450
3062   5531
3062   5572
3062   5616
3062   5634
3062   6223
3067   3211
3067   3218
3067   3277
3067   3292
3067   3395
3067   3476
3067   3502
3067   3567
3067   3702
3067   3752
3067   4622
3067   4732
3067   4733
3067   4865
3067   4893
3067   4931
3067   4942
3067   4974
3067   5065
3067   5100
3067   5145
3067   5208
3067   5222
3067   5223
3067   5225
3067   5232
3067   5235
3067   5236
3067   5298
3067   5323
3067   5348
3067   5440
3067   5450
3067   5531
3067   5572
3067   5616
3067   5634
3067   6223
3211   3218
3211   3277
3211   3292
3211   3395
3211   3476
3211   3502
3211   3567
3211   3702
3211   3752
3211   4622
3211   4732
3211   4733
3211   4865
3211   4893
3211   4931
3211   4942
3211   4974
3211   5065
3211   5100
3211   5145
3211   5208
3211   5222
3211   5223
3211   5225
3211   5232
3211   5235
3211   5236
3211   5298
3211   5323
3211   5348
3211   5440
3211   5450
3211   5531
3211   5572
3211   5616
3211   5634
3211   6223
3218   3277
3218   3292
3218   3395
3218   3476
3218   3502
3218   3567
3218   3702
3218   3752
3218   4622
3218   4732
3218   4733
3218   4865
3218   4893
3218   4931
3218   4942
3218   4974
3218   5065
3218   5100
3218   5145
3218   5208
3218   5222
3218   5223
3218   5225
3218   5232
3218   5235
3218   5236
3218   5298
3218   5323
3218   5348
3218   5440
3218   5450
3218   5531
3218   5572
3218   5616
3218   5634
3218   6223
3277   3292
3277   3395
3277   3476
3277   3502
3277   3567
3277   3702
3277   3752
3277   4622
3277   4732
3277   4733
3277   4865
3277   4893
3277   4931
3277   4942
3277   4974
3277   5065
3277   5100
3277   5145
3277   5208
3277   5222
3277   5223
3277   5225
3277   5232
3277   5235
3277   5236
3277   5298
3277   5323
3277   5348
3277   5440
3277   5450
3277   5531
3277   5572
3277   5616
3277   5634
3277   6223
3292   3395
3292   3476
3292   3502
3292   3567
3292   3702
3292   3752
3292   4622
3292   4732
3292   4733
3292   4865
3292   4893
3292   4931
3292   4942
3292   4974
3292   5065
3292   5100
3292   5145
3292   5208
3292   5222
3292   5223
3292   5225
3292   5232
3292   5235
3292   5236
3292   5298
3292   5323
3292   5348
3292   5440
3292   5450
3292   5531
3292   5572
3292   5616
3292   5634
3292   6223
3395   3476
3395   3502
3395   3567
3395   3702
3395   3752
3395   4622
3395   4732
3395   4733
3395   4865
3395   4893
3395   4931
3395   4942
3395   4974
3395   5065
3395   5100
3395   5145
3395   5208
3395   5222
3395   5223
3395   5225
3395   5232
3395   5235
3395   5236
3395   5298
3395   5323
3395   5348
3395   5440
3395   5450
3395   5531
3395   5572
3395   5616
3395   5634
3395   6223
3476   3502
3476   3567
3476   3702
3476   3752
3476   4622
3476   4732
3476   4733
3476   4865
3476   4893
3476   4931
3476   4942
3476   4974
3476   5065
3476   5100
3476   5145
3476   5208
3476   5222
3476   5223
3476   5225
3476   5232
3476   5235
3476   5236
3476   5298
3476   5323
3476   5348
3476   5440
3476   5450
3476   5531
3476   5572
3476   5616
3476   5634
3476   6223
3502   3567
3502   3702
3502   3752
3502   4622
3502   4732
3502   4733
3502   4865
3502   4893
3502   4931
3502   4942
3502   4974
3502   5065
3502   5100
3502   5145
3502   5208
3502   5222
3502   5223
3502   5225
3502   5232
3502   5235
3502   5236
3502   5298
3502   5323
3502   5348
3502   5440
3502   5450
3502   5531
3502   5572
3502   5616
3502   5634
3502   6223
3567   3702
3567   3752
3567   4622
3567   4732
3567   4733
3567   4865
3567   4893
3567   4931
3567   4942
3567   4974
3567   5065
3567   5100
3567   5145
3567   5208
3567   5222
3567   5223
3567   5225
3567   5232
3567   5235
3567   5236
3567   5298
3567   5323
3567   5348
3567   5440
3567   5450
3567   5531
3567   5572
3567   5616
3567   5634
3567   6223
3702   3752
3702   4622
3702   4732
3702   4733
3702   4865
3702   4893
3702   4931
3702   4942
3702   4974
3702   5065
3702   5100
3702   5145
3702   5208
3702   5222
3702   5223
3702   5225
3702   5232
3702   5235
3702   5236
3702   5298
3702   5323
3702   5348
3702   5440
3702   5450
3702   5531
3702   5572
3702   5616
3702   5634
3702   6223
3752   4622
3752   4732
3752   4733
3752   4865
3752   4893
3752   4931
3752   4942
3752   4974
3752   5065
3752   5100
3752   5145
3752   5208
3752   5222
3752   5223
3752   5225
3752   5232
3752   5235
3752   5236
3752   5298
3752   5323
3752   5348
3752   5440
3752   5450
3752   5531
3752   5572
3752   5616
3752   5634
3752   6223
4622   4732
4622   4733
4622   4865
4622   4893
4622   4931
4622   4942
4622   4974
4622   5065
4622   5100
4622   5145
4622   5208
4622   5222
4622   5223
4622   5225
4622   5232
4622   5235
4622   5236
4622   5298
4622   5323
4622   5348
4622   5440
4622   5450
4622   5531
4622   5572
4622   5616
4622   5634
4622   6223
4732   4733
4732   4865
4732   4893
4732   4931
4732   4942
4732   4974
4732   5065
4732   5100
4732   5145
4732   5208
4732   5222
4732   5223
4732   5225
4732   5232
4732   5235
4732   5236
4732   5298
4732   5323
4732   5348
4732   5440
4732   5450
4732   5531
4732   5572
4732   5616
4732   5634
4732   6223
4733   4865
4733   4893
4733   4931
4733   4942
4733   4974
4733   5065
4733   5100
4733   5145
4733   5208
4733   5222
4733   5223
4733   5225
4733   5232
4733   5235
4733   5236
4733   5298
4733   5323
4733   5348
4733   5440
4733   5450
4733   5531
4733   5572
4733   5616
4733   5634
4733   6223
4865   4893
4865   4931
4865   4942
4865   4974
4865   5065
4865   5100
4865   5145
4865   5208
4865   5222
4865   5223
4865   5225
4865   5232
4865   5235
4865   5236
4865   5298
4865   5323
4865   5348
4865   5440
4865   5450
4865   5531
4865   5572
4865   5616
4865   5634
4865   6223
4893   4931
4893   4942
4893   4974
4893   5065
4893   5100
4893   5145
4893   5208
4893   5222
4893   5223
4893   5225
4893   5232
4893   5235
4893   5236
4893   5298
4893   5323
4893   5348
4893   5440
4893   5450
4893   5531
4893   5572
4893   5616
4893   5634
4893   6223
4931   4942
4931   4974
4931   5065
4931   5100
4931   5145
4931   5208
4931   5222
4931   5223
4931   5225
4931   5232
4931   5235
4931   5236
4931   5298
4931   5323
4931   5348
4931   5440
4931   5450
4931   5531
4931   5572
4931   5616
4931   5634
4931   6223
4942   4974
4942   5065
4942   5100
4942   5145
4942   5208
4942   5222
4942   5223
4942   5225
4942   5232
4942   5235
4942   5236
4942   5298
4942   5323
4942   5348
4942   5440
4942   5450
4942   5531
4942   5572
4942   5616
4942   5634
4942   6223
4974   5065
4974   5100
4974   5145
4974   5208
4974   5222
4974   5223
4974   5225
4974   5232
4974   5235
4974   5236
4974   5298
4974   5323
4974   5348
4974   5440
4974   5450
4974   5531
4974   5572
4974   5616
4974   5634
4974   6223
5065   5100
5065   5145
5065   5208
5065   5222
5065   5223
5065   5225
5065   5232
5065   5235
5065   5236
5065   5298
5065   5323
5065   5348
5065   5440
5065   5450
5065   5531
5065   5572
5065   5616
5065   5634
5065   6223
5100   5145
5100   5208
5100   5222
5100   5223
5100   5225
5100   5232
5100   5235
5100   5236
5100   5298
5100   5323
5100   5348
5100   5440
5100   5450
5100   5531
5100   5572
5100   5616
5100   5634
5100   6223
5145   5208
5145   5222
5145   5223
5145   5225
5145   5232
5145   5235
5145   5236
5145   5298
5145   5323
5145   5348
5145   5440
5145   5450
5145   5531
5145   5572
5145   5616
5145   5634
5145   6223
5208   5222
5208   5223
5208   5225
5208   5232
5208   5235
5208   5236
5208   5298
5208   5323
5208   5348
5208   5440
5208   5450
5208   5531
5208   5572
5208   5616
5208   5634
5208   6223
5222   5223
5222   5225
5222   5232
5222   5235
5222   5236
5222   5298
5222   5323
5222   5348
5222   5440
5222   5450
5222   5531
5222   5572
5222   5616
5222   5634
5222   6223
5223   5225
5223   5232
5223   5235
5223   5236
5223   5298
5223   5323
5223   5348
5223   5440
5223   5450
5223   5531
5223   5572
5223   5616
5223   5634
5223   6223
5225   5232
5225   5235
5225   5236
5225   5298
5225   5323
5225   5348
5225   5440
5225   5450
5225   5531
5225   5572
5225   5616
5225   5634
5225   6223
5232   5235
5232   5236
5232   5298
5232   5323
5232   5348
5232   5440
5232   5450
5232   5531
5232   5572
5232   5616
5232   5634
5232   6223
5235   5236
5235   5298
5235   5323
5235   5348
5235   5440
5235   5450
5235   5531
5235   5572
5235   5616
5235   5634
5235   6223
5236   5298
5236   5323
5236   5348
5236   5440
5236   5450
5236   5531
5236   5572
5236   5616
5236   5634
5236   6223
5298   5323
5298   5348
5298   5440
5298   5450
5298   5531
5298   5572
5298   5616
5298   5634
5298   6223
5323   5348
5323   5440
5323   5450
5323   5531
5323   5572
5323   5616
5323   5634
5323   6223
5348   5440
5348   5450
5348   5531
5348   5572
5348   5616
5348   5634
5348   6223
5440   5450
5440   5531
5440   5572
5440   5616
5440   5634
5440   6223
5450   5531
5450   5572
5450   5616
5450   5634
5450   6223
5531   5572
5531   5616
5531   5634
5531   6223
5572   5616
5572   5634
5572   6223
5616   5634
5616   6223
5634   6223
0221   0249
0221   0399
0221   0525
0221   0588
0221   2929
0221   4993
0221   5058
0221   5072
0221   5148
0221   5281
0221   5446
0249   0399
0249   0525
0249   0588
0249   2929
0249   4993
0249   5058
0249   5072
0249   5148
0249   5281
0249   5446
0399   0525
0399   0588
0399   2929
0399   4993
0399   5058
0399   5072
0399   5148
0399   5281
0399   5446
0525   0588
0525   2929
0525   4993
0525   5058
0525   5072
0525   5148
0525   5281
0525   5446
0588   2929
0588   4993
0588   5058
0588   5072
0588   5148
0588   5281
0588   5446
2929   4993
2929   5058
2929   5072
2929   5148
2929   5281
2929   5446
4993   5058
4993   5072
4993   5148
4993   5281
4993   5446
5058   5072
5058   5148
5058   5281
5058   5446
5072   5148
5072   5281
5072   5446
5148   5281
5148   5446
5281   5446
0292   0453
0292   0464
0292   0581
0292   0653
0292   0660
0292   2834
0292   2849
0292   2922
0292   3453
0292   4640
0292   4928
0292   4992
0292   5008
0292   5213
0453   0464
0453   0581
0453   0653
0453   0660
0453   2834
0453   2849
0453   2922
0453   3453
0453   4640
0453   4928
0453   4992
0453   5008
0453   5213
0464   0581
0464   0653
0464   0660
0464   2834
0464   2849
0464   2922
0464   3453
0464   4640
0464   4928
0464   4992
0464   5008
0464   5213
0581   0653
0581   0660
0581   2834
0581   2849
0581   2922
0581   3453
0581   4640
0581   4928
0581   4992
0581   5008
0581   5213
0653   0660
0653   2834
0653   2849
0653   2922
0653   3453
0653   4640
0653   4928
0653   4992
0653   5008
0653   5213
0660   2834
0660   2849
0660   2922
0660   3453
0660   4640
0660   4928
0660   4992
0660   5008
0660   5213
2834   2849
2834   2922
2834   3453
2834   4640
2834   4928
2834   4992
2834   5008
2834   5213
2849   2922
2849   3453
2849   4640
2849   4928
2849   4992
2849   5008
2849   5213
2922   3453
2922   4640
2922   4928
2922   4992
2922   5008
2922   5213
3453   4640
3453   4928
3453   4992
3453   5008
3453   5213
4640   4928
4640   4992
4640   5008
4640   5213
4928   4992
4928   5008
4928   5213
4992   5008
4992   5213
5008   5213
3153   4303
3153   4714
3153   4793
3153   5209
4303   4714
4303   4793
4303   5209
4714   4793
4714   5209
4793   5209
4146   4332
4146   4351
4146   4407
4146   4416
4146   4417
4146   4660
4146   4679
4146   4880
4332   4351
4332   4407
4332   4416
4332   4417
4332   4660
4332   4679
4332   4880
4351   4407
4351   4416
4351   4417
4351   4660
4351   4679
4351   4880
4407   4416
4407   4417
4407   4660
4407   4679
4407   4880
4416   4417
4416   4660
4416   4679
4416   4880
4417   4660
4417   4679
4417   4880
4660   4679
4660   4880
4679   4880
