0062   0191
0062   0200
0062   0340
0062   0372
0062   0396
0062   0874
0062   0901
0062   2718
0062   2842
0062   2904
0062   2917
0062   2957
0062   3001
0062   3014
0062   3057
0062   3123
0062   3271
0062   3277
0062   3297
0062   3500
0062   3706
0062   5655
0191   0200
0191   0340
0191   0372
0191   0396
0191   0874
0191   0901
0191   2718
0191   2842
0191   2904
0191   2917
0191   2957
0191   3001
0191   3014
0191   3057
0191   3123
0191   3271
0191   3277
0191   3297
0191   3500
0191   3706
0191   5655
0200   0340
0200   0372
0200   0396
0200   0874
0200   0901
0200   2718
0200   2842
0200   2904
0200   2917
0200   2957
0200   3001
0200   3014
0200   3057
0200   3123
0200   3271
0200   3277
0200   3297
0200   3500
0200   3706
0200   5655
0340   0372
0340   0396
0340   0874
0340   0901
0340   2718
0340   2842
0340   2904
0340   2917
0340   2957
0340   3001
0340   3014
0340   3057
0340   3123
0340   3271
0340   3277
0340   3297
0340   3500
0340   3706
0340   5655
0372   0396
0372   0874
0372   0901
0372   2718
0372   2842
0372   2904
0372   2917
0372   2957
0372   3001
0372   3014
0372   3057
0372   3123
0372   3271
0372   3277
0372   3297
0372   3500
0372   3706
0372   5655
0396   0874
0396   0901
0396   2718
0396   2842
0396   2904
0396   2917
0396   2957
0396   3001
0396   3014
0396   3057
0396   3123
0396   3271
0396   3277
0396   3297
0396   3500
0396   3706
0396   5655
0874   0901
0874   2718
0874   2842
0874   2904
0874   2917
0874   2957
0874   3001
0874   3014
0874   3057
0874   3123
0874   3271
0874   3277
0874   3297
0874   3500
0874   3706
0874   5655
0901   2718
0901   2842
0901   2904
0901   2917
0901   2957
0901   3001
0901   3014
0901   3057
0901   3123
0901   3271
0901   3277
0901   3297
0901   3500
0901   3706
0901   5655
2718   2842
2718   2904
2718   2917
2718   2957
2718   3001
2718   3014
2718   3057
2718   3123
2718   3271
2718   3277
2718   3297
2718   3500
2718   3706
2718   5655
2842   2904
2842   2917
2842   2957
2842   3001
2842   3014
2842   3057
2842   3123
2842   3271
2842   3277
2842   3297
2842   3500
2842   3706
2842   5655
2904   2917
2904   2957
2904   3001
2904   3014
2904   3057
2904   3123
2904   3271
2904   3277
2904   3297
2904   3500
2904   3706
2904   5655
2917   2957
2917   3001
2917   3014
2917   3057
2917   3123
2917   3271
2917   3277
2917   3297
2917   3500
2917   3706
2917   5655
2957   3001
2957   3014
2957   3057
2957   3123
2957   3271
2957   3277
2957   3297
2957   3500
2957   3706
2957   5655
3001   3014
3001   3057
3001   3123
3001   3271
3001   3277
3001   3297
3001   3500
3001   3706
3001   5655
3014   3057
3014   3123
3014   3271
3014   3277
3014   3297
3014   3500
3014   3706
3014   5655
3057   3123
3057   3271
3057   3277
3057   3297
3057   3500
3057   3706
3057   5655
3123   3271
3123   3277
3123   3297
3123   3500
3123   3706
3123   5655
3271   3277
3271   3297
3271   3500
3271   3706
3271   5655
3277   3297
3277   3500
3277   3706
3277   5655
3297   3500
3297   3706
3297   5655
3500   3706
3500   5655
3706   5655
0079   0221
0079   0249
0079   0399
0079   0525
0079   0588
0079   2754
0079   2849
0079   2929
0079   4993
0079   5058
0079   5072
0079   5148
0079   5281
0079   5392
0079   5446
0221   0249
0221   0399
0221   0525
0221   0588
0221   2754
0221   2849
0221   2929
0221   4993
0221   5058
0221   5072
0221   5148
0221   5281
0221   5392
0221   5446
0249   0399
0249   0525
0249   0588
0249   2754
0249   2849
0249   2929
0249   4993
0249   5058
0249   5072
0249   5148
0249   5281
0249   5392
0249   5446
0399   0525
0399   0588
0399   2754
0399   2849
0399   2929
0399   4993
0399   5058
0399   5072
0399   5148
0399   5281
0399   5392
0399   5446
0525   0588
0525   2754
0525   2849
0525   2929
0525   4993
0525   5058
0525   5072
0525   5148
0525   5281
0525   5392
0525   5446
0588   2754
0588   2849
0588   2929
0588   4993
0588   5058
0588   5072
0588   5148
0588   5281
0588   5392
0588   5446
2754   2849
2754   2929
2754   4993
2754   5058
2754   5072
2754   5148
2754   5281
2754   5392
2754   5446
2849   2929
2849   4993
2849   5058
2849   5072
2849   5148
2849   5281
2849   5392
2849   5446
2929   4993
2929   5058
2929   5072
2929   5148
2929   5281
2929   5392
2929   5446
4993   5058
4993   5072
4993   5148
4993   5281
4993   5392
4993   5446
5058   5072
5058   5148
5058   5281
5058   5392
5058   5446
5072   5148
5072   5281
5072   5392
5072   5446
5148   5281
5148   5392
5148   5446
5281   5392
5281   5446
5392   5446
0100   0164
0100   0400
0100   0420
0100   0446
0100   0500
0100   0516
0100   0639
0100   2912
0100   3046
0100   3058
0100   3063
0100   3502
0100   4622
0100   4792
0100   4865
0100   4888
0100   4938
0100   5232
0100   5258
0100   5465
0100   5531
0164   0400
0164   0420
0164   0446
0164   0500
0164   0516
0164   0639
0164   2912
0164   3046
0164   3058
0164   3063
0164   3502
0164   4622
0164   4792
0164   4865
0164   4888
0164   4938
0164   5232
0164   5258
0164   5465
0164   5531
0400   0420
0400   0446
0400   0500
0400   0516
0400   0639
0400   2912
0400   3046
0400   3058
0400   3063
0400   3502
0400   4622
0400   4792
0400   4865
0400   4888
0400   4938
0400   5232
0400   5258
0400   5465
0400   5531
0420   0446
0420   0500
0420   0516
0420   0639
0420   2912
0420   3046
0420   3058
0420   3063
0420   3502
0420   4622
0420   4792
0420   4865
0420   4888
0420   4938
0420   5232
0420   5258
0420   5465
0420   5531
0446   0500
0446   0516
0446   0639
0446   2912
0446   3046
0446   3058
0446   3063
0446   3502
0446   4622
0446   4792
0446   4865
0446   4888
0446   4938
0446   5232
0446   5258
0446   5465
0446   5531
0500   0516
0500   0639
0500   2912
0500   3046
0500   3058
0500   3063
0500   3502
0500   4622
0500   4792
0500   4865
0500   4888
0500   4938
0500   5232
0500   5258
0500   5465
0500   5531
0516   0639
0516   2912
0516   3046
0516   3058
0516   3063
0516   3502
0516   4622
0516   4792
0516   4865
0516   4888
0516   4938
0516   5232
0516   5258
0516   5465
0516   5531
0639   2912
0639   3046
0639   3058
0639   3063
0639   3502
0639   4622
0639   4792
0639   4865
0639   4888
0639   4938
0639   5232
0639   5258
0639   5465
0639   5531
2912   3046
2912   3058
2912   3063
2912   3502
2912   4622
2912   4792
2912   4865
2912   4888
2912   4938
2912   5232
2912   5258
2912   5465
2912   5531
3046   3058
3046   3063
3046   3502
3046   4622
3046   4792
3046   4865
3046   4888
3046   4938
3046   5232
3046   5258
3046   5465
3046   5531
3058   3063
3058   3502
3058   4622
3058   4792
3058   4865
3058   4888
3058   4938
3058   5232
3058   5258
3058   5465
3058   5531
3063   3502
3063   4622
3063   4792
3063   4865
3063   4888
3063   4938
3063   5232
3063   5258
3063   5465
3063   5531
3502   4622
3502   4792
3502   4865
3502   4888
3502   4938
3502   5232
3502   5258
3502   5465
3502   5531
4622   4792
4622   4865
4622   4888
4622   4938
4622   5232
4622   5258
4622   5465
4622   5531
4792   4865
4792   4888
4792   4938
4792   5232
4792   5258
4792   5465
4792   5531
4865   4888
4865   4938
4865   5232
4865   5258
4865   5465
4865   5531
4888   4938
4888   5232
4888   5258
4888   5465
4888   5531
4938   5232
4938   5258
4938   5465
4938   5531
5232   5258
5232   5465
5232   5531
5258   5465
5258   5531
5465   5531
0115   0149
0115   0214
0115   0278
0115   0481
0115   0558
0115   0582
0115   0664
0115   0869
0115   2753
0115   3211
0115   4621
0115   4707
0115   4714
0115   4715
0115   4717
0115   4732
0115   4769
0115   4793
0115   4911
0115   5102
0115   5115
0115   5208
0115   5225
0115   5235
0115   5236
0115   5295
0115   5299
0115   5335
0115   5390
0115   5421
0115   5526
0115   5529
0115   5547
0115   5551
0115   5560
0149   0214
0149   0278
0149   0481
0149   0558
0149   0582
0149   0664
0149   0869
0149   2753
0149   3211
0149   4621
0149   4707
0149   4714
0149   4715
0149   4717
0149   4732
0149   4769
0149   4793
0149   4911
0149   5102
0149   5115
0149   5208
0149   5225
0149   5235
0149   5236
0149   5295
0149   5299
0149   5335
0149   5390
0149   5421
0149   5526
0149   5529
0149   5547
0149   5551
0149   5560
0214   0278
0214   0481
0214   0558
0214   0582
0214   0664
0214   0869
0214   2753
0214   3211
0214   4621
0214   4707
0214   4714
0214   4715
0214   4717
0214   4732
0214   4769
0214   4793
0214   4911
0214   5102
0214   5115
0214   5208
0214   5225
0214   5235
0214   5236
0214   5295
0214   5299
0214   5335
0214   5390
0214   5421
0214   5526
0214   5529
0214   5547
0214   5551
0214   5560
0278   0481
0278   0558
0278   0582
0278   0664
0278   0869
0278   2753
0278   3211
0278   4621
0278   4707
0278   4714
0278   4715
0278   4717
0278   4732
0278   4769
0278   4793
0278   4911
0278   5102
0278   5115
0278   5208
0278   5225
0278   5235
0278   5236
0278   5295
0278   5299
0278   5335
0278   5390
0278   5421
0278   5526
0278   5529
0278   5547
0278   5551
0278   5560
0481   0558
0481   0582
0481   0664
0481   0869
0481   2753
0481   3211
0481   4621
0481   4707
0481   4714
0481   4715
0481   4717
0481   4732
0481   4769
0481   4793
0481   4911
0481   5102
0481   5115
0481   5208
0481   5225
0481   5235
0481   5236
0481   5295
0481   5299
0481   5335
0481   5390
0481   5421
0481   5526
0481   5529
0481   5547
0481   5551
0481   5560
0558   0582
0558   0664
0558   0869
0558   2753
0558   3211
0558   4621
0558   4707
0558   4714
0558   4715
0558   4717
0558   4732
0558   4769
0558   4793
0558   4911
0558   5102
0558   5115
0558   5208
0558   5225
0558   5235
0558   5236
0558   5295
0558   5299
0558   5335
0558   5390
0558   5421
0558   5526
0558   5529
0558   5547
0558   5551
0558   5560
0582   0664
0582   0869
0582   2753
0582   3211
0582   4621
0582   4707
0582   4714
0582   4715
0582   4717
0582   4732
0582   4769
0582   4793
0582   4911
0582   5102
0582   5115
0582   5208
0582   5225
0582   5235
0582   5236
0582   5295
0582   5299
0582   5335
0582   5390
0582   5421
0582   5526
0582   5529
0582   5547
0582   5551
0582   5560
0664   0869
0664   2753
0664   3211
0664   4621
0664   4707
0664   4714
0664   4715
0664   4717
0664   4732
0664   4769
0664   4793
0664   4911
0664   5102
0664   5115
0664   5208
0664   5225
0664   5235
0664   5236
0664   5295
0664   5299
0664   5335
0664   5390
0664   5421
0664   5526
0664   5529
0664   5547
0664   5551
0664   5560
0869   2753
0869   3211
0869   4621
0869   4707
0869   4714
0869   4715
0869   4717
0869   4732
0869   4769
0869   4793
0869   4911
0869   5102
0869   5115
0869   5208
0869   5225
0869   5235
0869   5236
0869   5295
0869   5299
0869   5335
0869   5390
0869   5421
0869   5526
0869   5529
0869   5547
0869   5551
0869   5560
2753   3211
2753   4621
2753   4707
2753   4714
2753   4715
2753   4717
2753   4732
2753   4769
2753   4793
2753   4911
2753   5102
2753   5115
2753   5208
2753   5225
2753   5235
2753   5236
2753   5295
2753   5299
2753   5335
2753   5390
2753   5421
2753   5526
2753   5529
2753   5547
2753   5551
2753   5560
3211   4621
3211   4707
3211   4714
3211   4715
3211   4717
3211   4732
3211   4769
3211   4793
3211   4911
3211   5102
3211   5115
3211   5208
3211   5225
3211   5235
3211   5236
3211   5295
3211   5299
3211   5335
3211   5390
3211   5421
3211   5526
3211   5529
3211   5547
3211   5551
3211   5560
4621   4707
4621   4714
4621   4715
4621   4717
4621   4732
4621   4769
4621   4793
4621   4911
4621   5102
4621   5115
4621   5208
4621   5225
4621   5235
4621   5236
4621   5295
4621   5299
4621   5335
4621   5390
4621   5421
4621   5526
4621   5529
4621   5547
4621   5551
4621   5560
4707   4714
4707   4715
4707   4717
4707   4732
4707   4769
4707   4793
4707   4911
4707   5102
4707   5115
4707   5208
4707   5225
4707   5235
4707   5236
4707   5295
4707   5299
4707   5335
4707   5390
4707   5421
4707   5526
4707   5529
4707   5547
4707   5551
4707   5560
4714   4715
4714   4717
4714   4732
4714   4769
4714   4793
4714   4911
4714   5102
4714   5115
4714   5208
4714   5225
4714   5235
4714   5236
4714   5295
4714   5299
4714   5335
4714   5390
4714   5421
4714   5526
4714   5529
4714   5547
4714   5551
4714   5560
4715   4717
4715   4732
4715   4769
4715   4793
4715   4911
4715   5102
4715   5115
4715   5208
4715   5225
4715   5235
4715   5236
4715   5295
4715   5299
4715   5335
4715   5390
4715   5421
4715   5526
4715   5529
4715   5547
4715   5551
4715   5560
4717   4732
4717   4769
4717   4793
4717   4911
4717   5102
4717   5115
4717   5208
4717   5225
4717   5235
4717   5236
4717   5295
4717   5299
4717   5335
4717   5390
4717   5421
4717   5526
4717   5529
4717   5547
4717   5551
4717   5560
4732   4769
4732   4793
4732   4911
4732   5102
4732   5115
4732   5208
4732   5225
4732   5235
4732   5236
4732   5295
4732   5299
4732   5335
4732   5390
4732   5421
4732   5526
4732   5529
4732   5547
4732   5551
4732   5560
4769   4793
4769   4911
4769   5102
4769   5115
4769   5208
4769   5225
4769   5235
4769   5236
4769   5295
4769   5299
4769   5335
4769   5390
4769   5421
4769   5526
4769   5529
4769   5547
4769   5551
4769   5560
4793   4911
4793   5102
4793   5115
4793   5208
4793   5225
4793   5235
4793   5236
4793   5295
4793   5299
4793   5335
4793   5390
4793   5421
4793   5526
4793   5529
4793   5547
4793   5551
4793   5560
4911   5102
4911   5115
4911   5208
4911   5225
4911   5235
4911   5236
4911   5295
4911   5299
4911   5335
4911   5390
4911   5421
4911   5526
4911   5529
4911   5547
4911   5551
4911   5560
5102   5115
5102   5208
5102   5225
5102   5235
5102   5236
5102   5295
5102   5299
5102   5335
5102   5390
5102   5421
5102   5526
5102   5529
5102   5547
5102   5551
5102   5560
5115   5208
5115   5225
5115   5235
5115   5236
5115   5295
5115   5299
5115   5335
5115   5390
5115   5421
5115   5526
5115   5529
5115   5547
5115   5551
5115   5560
5208   5225
5208   5235
5208   5236
5208   5295
5208   5299
5208   5335
5208   5390
5208   5421
5208   5526
5208   5529
5208   5547
5208   5551
5208   5560
5225   5235
5225   5236
5225   5295
5225   5299
5225   5335
5225   5390
5225   5421
5225   5526
5225   5529
5225   5547
5225   5551
5225   5560
5235   5236
5235   5295
5235   5299
5235   5335
5235   5390
5235   5421
5235   5526
5235   5529
5235   5547
5235   5551
5235   5560
5236   5295
5236   5299
5236   5335
5236   5390
5236   5421
5236   5526
5236   5529
5236   5547
5236   5551
5236   5560
5295   5299
5295   5335
5295   5390
5295   5421
5295   5526
5295   5529
5295   5547
5295   5551
5295   5560
5299   5335
5299   5390
5299   5421
5299   5526
5299   5529
5299   5547
5299   5551
5299   5560
5335   5390
5335   5421
5335   5526
5335   5529
5335   5547
5335   5551
5335   5560
5390   5421
5390   5526
5390   5529
5390   5547
5390   5551
5390   5560
5421   5526
5421   5529
5421   5547
5421   5551
5421   5560
5526   5529
5526   5547
5526   5551
5526   5560
5529   5547
5529   5551
5529   5560
5547   5551
5547   5560
5551   5560
0127   0188
0127   0292
0127   0294
0127   0352
0127   0436
0127   0453
0127   0464
0127   0494
0127   0581
0127   0653
0127   0660
0127   2834
0127   2922
0127   3396
0127   3453
0127   4640
0127   4928
0127   4992
0127   5008
0127   5213
0127   5651
0188   0292
0188   0294
0188   0352
0188   0436
0188   0453
0188   0464
0188   0494
0188   0581
0188   0653
0188   0660
0188   2834
0188   2922
0188   3396
0188   3453
0188   4640
0188   4928
0188   4992
0188   5008
0188   5213
0188   5651
0292   0294
0292   0352
0292   0436
0292   0453
0292   0464
0292   0494
0292   0581
0292   0653
0292   0660
0292   2834
0292   2922
0292   3396
0292   3453
0292   4640
0292   4928
0292   4992
0292   5008
0292   5213
0292   5651
0294   0352
0294   0436
0294   0453
0294   0464
0294   0494
0294   0581
0294   0653
0294   0660
0294   2834
0294   2922
0294   3396
0294   3453
0294   4640
0294   4928
0294   4992
0294   5008
0294   5213
0294   5651
0352   0436
0352   0453
0352   0464
0352   0494
0352   0581
0352   0653
0352   0660
0352   2834
0352   2922
0352   3396
0352   3453
0352   4640
0352   4928
0352   4992
0352   5008
0352   5213
0352   5651
0436   0453
0436   0464
0436   0494
0436   0581
0436   0653
0436   0660
0436   2834
0436   2922
0436   3396
0436   3453
0436   4640
0436   4928
0436   4992
0436   5008
0436   5213
0436   5651
0453   0464
0453   0494
0453   0581
0453   0653
0453   0660
0453   2834
0453   2922
0453   3396
0453   3453
0453   4640
0453   4928
0453   4992
0453   5008
0453   5213
0453   5651
0464   0494
0464   0581
0464   0653
0464   0660
0464   2834
0464   2922
0464   3396
0464   3453
0464   4640
0464   4928
0464   4992
0464   5008
0464   5213
0464   5651
0494   0581
0494   0653
0494   0660
0494   2834
0494   2922
0494   3396
0494   3453
0494   4640
0494   4928
0494   4992
0494   5008
0494   5213
0494   5651
0581   0653
0581   0660
0581   2834
0581   2922
0581   3396
0581   3453
0581   4640
0581   4928
0581   4992
0581   5008
0581   5213
0581   5651
0653   0660
0653   2834
0653   2922
0653   3396
0653   3453
0653   4640
0653   4928
0653   4992
0653   5008
0653   5213
0653   5651
0660   2834
0660   2922
0660   3396
0660   3453
0660   4640
0660   4928
0660   4992
0660   5008
0660   5213
0660   5651
2834   2922
2834   3396
2834   3453
2834   4640
2834   4928
2834   4992
2834   5008
2834   5213
2834   5651
2922   3396
2922   3453
2922   4640
2922   4928
2922   4992
2922   5008
2922   5213
2922   5651
3396   3453
3396   4640
3396   4928
3396   4992
3396   5008
3396   5213
3396   5651
3453   4640
3453   4928
3453   4992
3453   5008
3453   5213
3453   5651
4640   4928
4640   4992
4640   5008
4640   5213
4640   5651
4928   4992
4928   5008
4928   5213
4928   5651
4992   5008
4992   5213
4992   5651
5008   5213
5008   5651
5213   5651
0157   0206
0157   0238
0157   0303
0157   0316
0157   0414
0157   0608
0157   0658
0157   2827
0157   3067
0157   3218
0157   3292
0157   4893
0157   4931
0157   4942
0157   4974
0157   5100
0157   5298
0157   5348
0157   5440
0157   5450
0157   5616
0157   5634
0206   0238
0206   0303
0206   0316
0206   0414
0206   0608
0206   0658
0206   2827
0206   3067
0206   3218
0206   3292
0206   4893
0206   4931
0206   4942
0206   4974
0206   5100
0206   5298
0206   5348
0206   5440
0206   5450
0206   5616
0206   5634
0238   0303
0238   0316
0238   0414
0238   0608
0238   0658
0238   2827
0238   3067
0238   3218
0238   3292
0238   4893
0238   4931
0238   4942
0238   4974
0238   5100
0238   5298
0238   5348
0238   5440
0238   5450
0238   5616
0238   5634
0303   0316
0303   0414
0303   0608
0303   0658
0303   2827
0303   3067
0303   3218
0303   3292
0303   4893
0303   4931
0303   4942
0303   4974
0303   5100
0303   5298
0303   5348
0303   5440
0303   5450
0303   5616
0303   5634
0316   0414
0316   0608
0316   0658
0316   2827
0316   3067
0316   3218
0316   3292
0316   4893
0316   4931
0316   4942
0316   4974
0316   5100
0316   5298
0316   5348
0316   5440
0316   5450
0316   5616
0316   5634
0414   0608
0414   0658
0414   2827
0414   3067
0414   3218
0414   3292
0414   4893
0414   4931
0414   4942
0414   4974
0414   5100
0414   5298
0414   5348
0414   5440
0414   5450
0414   5616
0414   5634
0608   0658
0608   2827
0608   3067
0608   3218
0608   3292
0608   4893
0608   4931
0608   4942
0608   4974
0608   5100
0608   5298
0608   5348
0608   5440
0608   5450
0608   5616
0608   5634
0658   2827
0658   3067
0658   3218
0658   3292
0658   4893
0658   4931
0658   4942
0658   4974
0658   5100
0658   5298
0658   5348
0658   5440
0658   5450
0658   5616
0658   5634
2827   3067
2827   3218
2827   3292
2827   4893
2827   4931
2827   4942
2827   4974
2827   5100
2827   5298
2827   5348
2827   5440
2827   5450
2827   5616
2827   5634
3067   3218
3067   3292
3067   4893
3067   4931
3067   4942
3067   4974
3067   5100
3067   5298
3067   5348
3067   5440
3067   5450
3067   5616
3067   5634
3218   3292
3218   4893
3218   4931
3218   4942
3218   4974
3218   5100
3218   5298
3218   5348
3218   5440
3218   5450
3218   5616
3218   5634
3292   4893
3292   4931
3292   4942
3292   4974
3292   5100
3292   5298
3292   5348
3292   5440
3292   5450
3292   5616
3292   5634
4893   4931
4893   4942
4893   4974
4893   5100
4893   5298
4893   5348
4893   5440
4893   5450
4893   5616
4893   5634
4931   4942
4931   4974
4931   5100
4931   5298
4931   5348
4931   5440
4931   5450
4931   5616
4931   5634
4942   4974
4942   5100
4942   5298
4942   5348
4942   5440
4942   5450
4942   5616
4942   5634
4974   5100
4974   5298
4974   5348
4974   5440
4974   5450
4974   5616
4974   5634
5100   5298
5100   5348
5100   5440
5100   5450
5100   5616
5100   5634
5298   5348
5298   5440
5298   5450
5298   5616
5298   5634
5348   5440
5348   5450
5348   5616
5348   5634
5440   5450
5440   5616
5440   5634
5450   5616
5450   5634
5616   5634
0174   0179
0174   0220
0174   0265
0174   2556
0174   2850
0174   2857
0174   2993
0174   3062
0174   3383
0174   3395
0174   3702
0179   0220
0179   0265
0179   2556
0179   2850
0179   2857
0179   2993
0179   3062
0179   3383
0179   3395
0179   3702
0220   0265
0220   2556
0220   2850
0220   2857
0220   2993
0220   3062
0220   3383
0220   3395
0220   3702
0265   2556
0265   2850
0265   2857
0265   2993
0265   3062
0265   3383
0265   3395
0265   3702
2556   2850
2556   2857
2556   2993
2556   3062
2556   3383
2556   3395
2556   3702
2850   2857
2850   2993
2850   3062
2850   3383
2850   3395
2850   3702
2857   2993
2857   3062
2857   3383
2857   3395
2857   3702
2993   3062
2993   3383
2993   3395
2993   3702
3062   3383
3062   3395
3062   3702
3383   3395
3383   3702
3395   3702
0269   0289
0269   0424
0269   0495
0269   0502
0269   0613
0269   0617
0269   0893
0269   2643
0269   2963
0269   5162
0289   0424
0289   0495
0289   0502
0289   0613
0289   0617
0289   0893
0289   2643
0289   2963
0289   5162
0424   0495
0424   0502
0424   0613
0424   0617
0424   0893
0424   2643
0424   2963
0424   5162
0495   0502
0495   0613
0495   0617
0495   0893
0495   2643
0495   2963
0495   5162
0502   0613
0502   0617
0502   0893
0502   2643
0502   2963
0502   5162
0613   0617
0613   0893
0613   2643
0613   2963
0613   5162
0617   0893
0617   2643
0617   2963
0617   5162
0893   2643
0893   2963
0893   5162
2643   2963
2643   5162
2963   5162
0350   0401
0350   2771
0350   4024
0350   5057
0350   5135
0350   5145
0350   5173
0350   5427
0350   6143
0350   6237
0350   6251
0401   2771
0401   4024
0401   5057
0401   5135
0401   5145
0401   5173
0401   5427
0401   6143
0401   6237
0401   6251
2771   4024
2771   5057
2771   5135
2771   5145
2771   5173
2771   5427
2771   6143
2771   6237
2771   6251
4024   5057
4024   5135
4024   5145
4024   5173
4024   5427
4024   6143
4024   6237
4024   6251
5057   5135
5057   5145
5057   5173
5057   5427
5057   6143
5057   6237
5057   6251
5135   5145
5135   5173
5135   5427
5135   6143
5135   6237
5135   6251
5145   5173
5145   5427
5145   6143
5145   6237
5145   6251
5173   5427
5173   6143
5173   6237
5173   6251
5427   6143
5427   6237
5427   6251
6143   6237
6143   6251
6237   6251
0354   0489
0354   0540
0354   0906
0354   2724
0354   2833
0354   3476
0354   3567
0354   3752
0354   4667
0354   4733
0354   4859
0354   5041
0354   5052
0354   5065
0354   5222
0354   5223
0354   5323
0354   5408
0354   5572
0354   5577
0354   5633
0354   6223
0489   0540
0489   0906
0489   2724
0489   2833
0489   3476
0489   3567
0489   3752
0489   4667
0489   4733
0489   4859
0489   5041
0489   5052
0489   5065
0489   5222
0489   5223
0489   5323
0489   5408
0489   5572
0489   5577
0489   5633
0489   6223
0540   0906
0540   2724
0540   2833
0540   3476
0540   3567
0540   3752
0540   4667
0540   4733
0540   4859
0540   5041
0540   5052
0540   5065
0540   5222
0540   5223
0540   5323
0540   5408
0540   5572
0540   5577
0540   5633
0540   6223
0906   2724
0906   2833
0906   3476
0906   3567
0906   3752
0906   4667
0906   4733
0906   4859
0906   5041
0906   5052
0906   5065
0906   5222
0906   5223
0906   5323
0906   5408
0906   5572
0906   5577
0906   5633
0906   6223
2724   2833
2724   3476
2724   3567
2724   3752
2724   4667
2724   4733
2724   4859
2724   5041
2724   5052
2724   5065
2724   5222
2724   5223
2724   5323
2724   5408
2724   5572
2724   5577
2724   5633
2724   6223
2833   3476
2833   3567
2833   3752
2833   4667
2833   4733
2833   4859
2833   5041
2833   5052
2833   5065
2833   5222
2833   5223
2833   5323
2833   5408
2833   5572
2833   5577
2833   5633
2833   6223
3476   3567
3476   3752
3476   4667
3476   4733
3476   4859
3476   5041
3476   5052
3476   5065
3476   5222
3476   5223
3476   5323
3476   5408
3476   5572
3476   5577
3476   5633
3476   6223
3567   3752
3567   4667
3567   4733
3567   4859
3567   5041
3567   5052
3567   5065
3567   5222
3567   5223
3567   5323
3567   5408
3567   5572
3567   5577
3567   5633
3567   6223
3752   4667
3752   4733
3752   4859
3752   5041
3752   5052
3752   5065
3752   5222
3752   5223
3752   5323
3752   5408
3752   5572
3752   5577
3752   5633
3752   6223
4667   4733
4667   4859
4667   5041
4667   5052
4667   5065
4667   5222
4667   5223
4667   5323
4667   5408
4667   5572
4667   5577
4667   5633
4667   6223
4733   4859
4733   5041
4733   5052
4733   5065
4733   5222
4733   5223
4733   5323
4733   5408
4733   5572
4733   5577
4733   5633
4733   6223
4859   5041
4859   5052
4859   5065
4859   5222
4859   5223
4859   5323
4859   5408
4859   5572
4859   5577
4859   5633
4859   6223
5041   5052
5041   5065
5041   5222
5041   5223
5041   5323
5041   5408
5041   5572
5041   5577
5041   5633
5041   6223
5052   5065
5052   5222
5052   5223
5052   5323
5052   5408
5052   5572
5052   5577
5052   5633
5052   6223
5065   5222
5065   5223
5065   5323
5065   5408
5065   5572
5065   5577
5065   5633
5065   6223
5222   5223
5222   5323
5222   5408
5222   5572
5222   5577
5222   5633
5222   6223
5223   5323
5223   5408
5223   5572
5223   5577
5223   5633
5223   6223
5323   5408
5323   5572
5323   5577
5323   5633
5323   6223
5408   5572
5408   5577
5408   5633
5408   6223
5572   5577
5572   5633
5572   6223
5577   5633
5577   6223
5633   6223
3153   4146
3153   4303
3153   4332
3153   4351
3153   4407
3153   4416
3153   4417
3153   4660
3153   4679
3153   4880
3153   5209
4146   4303
4146   4332
4146   4351
4146   4407
4146   4416
4146   4417
4146   4660
4146   4679
4146   4880
4146   5209
4303   4332
4303   4351
4303   4407
4303   4416
4303   4417
4303   4660
4303   4679
4303   4880
4303   5209
4332   4351
4332   4407
4332   4416
4332   4417
4332   4660
4332   4679
4332   4880
4332   5209
4351   4407
4351   4416
4351   4417
4351   4660
4351   4679
4351   4880
4351   5209
4407   4416
4407   4417
4407   4660
4407   4679
4407   4880
4407   5209
4416   4417
4416   4660
4416   4679
4416   4880
4416   5209
4417   4660
4417   4679
4417   4880
4417   5209
4660   4679
4660   4880
4660   5209
4679   4880
4679   5209
4880   5209
